80

0.5	0.7	-0.8	0.3	-0.5	-0.7	0.9	-0.9	-0.2	0.6	-0.7	0.2	0.3	0.4	-0.4	-0.8	-0.1	0.4	-0.2	0.3	-0.3	-0.9	0.8	0.0	-0.9	0.5	-0.7	-0.1	0.6	0.5	0.7	-0.8	-1.0	0.3	0.4	-0.4	-0.6	0.6	0.3	-0.9	-0.7	0.6	0.0	0.9	0.0	-0.1	1.0	-0.5	0.9	0.1	-0.9	0.2	0.5	-0.1	0.9	0.4	0.6	-0.7	-0.4	0.9	-0.5	1.0	-0.7	-0.4	0.2	1.0	-1.0	0.6	0.8	-0.9	-0.9	0.3	0.8	-0.4	0.1	-0.9	0.9	-0.4	-0.4	0.4	
0.0	-0.4	-0.7	-0.7	0.9	0.4	0.2	0.9	-0.9	0.7	-0.4	-0.7	-0.5	-0.2	-0.6	-0.3	-0.8	-0.8	-0.5	-0.5	0.6	-0.9	1.0	0.2	0.4	1.0	0.8	0.9	1.0	-0.7	0.0	-0.4	0.2	0.9	-0.3	-0.4	0.2	0.3	0.4	-0.3	0.3	-0.7	0.3	-0.4	0.5	-0.4	-0.9	-0.5	0.6	0.5	0.5	-1.0	0.5	-0.6	0.5	-0.7	-0.7	-0.1	0.4	-1.0	0.0	-0.7	-0.6	0.6	-0.1	-0.6	0.7	-0.5	0.0	-0.1	0.1	-0.6	0.7	0.3	-0.3	0.4	-0.1	0.8	-0.1	0.2	
-0.7	0.5	0.5	-0.2	0.2	-0.7	-0.9	0.4	-0.8	0.2	0.5	-1.0	-0.3	1.0	-0.8	0.2	0.3	0.3	-0.2	-0.9	-0.7	-0.4	0.5	-0.3	-0.1	-0.1	0.8	-0.8	0.9	-0.2	0.6	-0.4	1.0	0.1	0.0	-0.9	0.9	-1.0	-0.4	-0.5	-0.5	0.5	0.0	0.8	0.5	-0.5	-0.2	-0.3	0.9	-0.3	0.4	-0.9	0.7	0.7	-0.4	-0.7	-0.3	-0.2	0.9	0.9	0.6	-0.9	0.7	0.3	-1.0	-0.6	-1.0	-0.9	-0.1	0.9	0.0	-0.8	-0.7	0.1	-1.0	0.1	-0.3	0.6	0.7	-0.1	
0.3	0.5	-0.8	0.4	0.7	-1.0	-0.1	0.6	0.4	0.5	0.6	0.9	-0.6	-0.7	0.7	0.7	0.3	0.5	-0.1	0.5	-0.2	-0.1	0.5	0.0	0.4	0.3	0.6	0.3	-1.0	0.3	0.0	-0.5	-0.8	0.6	1.0	-0.4	1.0	-0.2	0.0	-0.3	0.0	0.6	-0.1	0.6	1.0	0.4	-0.7	-0.4	0.4	-0.9	-0.5	0.5	0.8	-0.2	-0.9	-0.9	1.0	-1.0	0.6	-0.7	0.9	-0.9	0.8	-0.6	0.1	-0.8	-0.4	0.7	0.5	0.1	1.0	-0.9	0.8	-0.5	0.7	0.2	0.0	-0.6	0.9	-0.5	
0.9	0.8	0.2	-0.9	0.5	0.7	-0.2	0.4	0.1	-0.9	0.5	-0.6	0.4	0.3	-0.4	0.4	0.0	-0.1	0.8	-0.5	1.0	0.4	0.0	0.8	0.2	1.0	0.8	0.6	0.7	0.9	1.0	0.5	-0.3	0.9	-1.0	-1.0	0.8	0.3	-0.6	-1.0	0.1	-0.9	-0.8	-1.0	0.4	-0.7	-0.4	-0.8	0.7	0.7	-0.3	0.9	-1.0	-0.2	0.1	-0.5	-0.3	0.6	0.6	0.0	-0.3	0.4	1.0	-0.8	-0.9	-0.6	0.0	0.8	-0.3	0.7	1.0	1.0	-0.8	0.5	0.2	-0.3	-0.5	-1.0	-0.8	0.5	
-1.0	-1.0	0.2	0.0	-0.6	-0.3	0.5	-1.0	0.0	-0.6	-0.8	0.2	-1.0	0.4	-0.6	-0.1	-0.4	0.0	0.1	0.1	-0.6	0.9	0.4	-0.2	-0.4	0.0	-0.7	1.0	0.7	0.4	-1.0	0.8	0.8	-0.4	0.8	0.8	0.1	0.9	1.0	0.3	0.6	0.9	0.0	0.2	0.4	-0.1	0.4	-0.5	-0.3	0.1	-0.2	0.5	0.1	1.0	0.7	0.2	-0.3	-0.4	0.3	0.8	-0.4	-0.4	-0.2	0.9	0.2	-0.5	-0.3	-0.7	-1.0	-0.9	-0.8	-0.7	-0.1	-0.5	0.3	1.0	-0.4	0.8	-0.9	0.6	
0.2	-1.0	-0.1	-1.0	0.1	1.0	-0.1	-0.7	-0.6	-0.9	0.0	-0.1	-0.1	-0.2	0.7	0.7	-0.9	-0.8	-0.1	-0.3	-0.7	0.2	0.2	-1.0	0.5	0.6	-0.2	0.0	-0.2	-0.1	-0.6	0.0	-0.4	0.5	0.8	-0.7	-0.6	1.0	0.8	-0.3	-0.5	-0.2	-0.3	0.4	0.3	0.8	0.2	1.0	0.2	0.7	-0.1	-0.1	0.5	0.2	-0.7	-0.4	0.4	0.3	0.2	0.5	-0.9	0.4	0.3	-0.1	-0.6	-0.3	1.0	0.2	0.0	-0.2	-1.0	0.2	0.6	0.2	1.0	0.6	-0.4	-0.3	0.0	0.8	
0.6	0.5	0.5	0.1	0.6	-0.6	1.0	-1.0	0.2	0.3	1.0	-0.2	-0.6	0.3	0.8	-0.4	0.5	0.4	-0.6	0.9	-0.3	-0.8	-0.3	-0.8	0.7	1.0	-0.5	-0.5	0.9	0.7	-0.5	0.5	-0.9	-0.3	0.5	-0.6	-0.1	-0.8	0.4	-0.9	0.1	0.0	0.2	-0.9	-0.2	-0.5	-0.6	0.5	0.9	0.5	1.0	0.5	-0.1	-0.6	0.9	0.0	1.0	0.9	1.0	-0.9	0.7	0.5	0.7	-0.2	0.4	-0.4	-0.8	-0.3	0.4	0.7	-1.0	-0.7	0.9	-0.5	-0.4	0.4	-0.6	0.0	0.3	-0.6	
0.4	0.2	0.3	1.0	-0.8	0.8	0.3	0.5	-0.1	-0.8	-0.8	0.5	0.4	0.5	-1.0	0.8	0.1	0.7	-0.4	0.4	0.7	0.6	0.2	0.4	-0.7	0.9	0.5	-0.3	-0.2	-0.6	0.8	0.9	0.1	-0.6	-0.4	-0.5	0.4	0.4	0.2	0.9	-0.3	-0.5	0.3	0.2	0.7	-0.6	-1.0	-0.9	-1.0	-1.0	1.0	0.0	0.3	-0.5	0.1	0.3	0.7	0.1	0.7	0.1	0.6	0.2	-0.3	0.1	-0.4	-0.7	-0.7	-0.7	-0.5	0.2	0.5	0.0	0.5	1.0	-0.8	-0.4	0.8	-0.7	0.3	-0.5	
0.8	-0.6	0.3	-0.9	0.2	-0.1	-1.0	-0.7	-0.1	0.0	-0.5	0.5	0.4	0.2	-0.1	0.5	0.9	-0.8	-1.0	1.0	-1.0	-0.7	0.7	0.4	0.4	0.9	-0.9	-0.7	-1.0	-0.8	0.5	0.0	-1.0	-0.4	-0.7	-0.9	-0.5	0.3	0.3	0.2	0.0	0.1	-1.0	-1.0	-0.6	-0.2	-0.5	-0.5	0.3	-0.6	0.2	-0.6	0.1	0.7	0.2	1.0	-0.8	0.2	-0.4	0.2	0.9	-0.5	0.0	0.6	0.0	1.0	-0.3	-0.1	-0.7	0.6	1.0	-1.0	-0.9	-0.8	-0.7	-0.9	-1.0	-0.8	0.7	-1.0	
-0.1	-0.2	-0.1	-0.6	-0.2	-0.3	-0.8	-0.8	-0.5	-1.0	0.6	-0.5	0.7	-0.5	-0.5	-0.8	-0.7	0.0	-0.7	-0.9	-0.2	-0.1	-0.9	0.7	-0.4	0.5	0.9	1.0	-0.2	-0.9	0.5	-0.6	0.7	0.8	-0.2	0.0	0.3	0.3	-0.9	0.2	-0.3	0.1	0.4	1.0	0.3	1.0	0.6	0.7	0.9	0.2	0.0	0.9	0.6	0.3	-0.1	-0.1	-0.3	0.2	0.9	0.8	0.4	0.7	-0.4	0.8	-0.5	0.2	0.5	-0.8	0.2	0.4	0.5	0.8	-0.4	0.9	-0.4	-0.6	-0.9	-0.3	0.3	-0.4	
0.4	-0.6	1.0	0.4	0.4	0.7	-0.5	-0.1	0.9	-0.2	0.7	0.1	-0.7	-0.1	0.5	0.2	0.8	0.1	0.8	0.5	0.1	-0.9	-0.5	-0.7	-0.5	-0.7	-0.2	0.9	-0.3	0.9	0.0	0.9	0.5	-0.1	-0.4	0.7	0.5	0.1	-0.9	-0.5	0.3	-1.0	-0.9	0.0	-0.1	1.0	-1.0	-0.6	-0.6	0.0	-0.3	-0.7	0.1	-0.3	-0.8	0.0	0.9	0.5	0.7	-0.8	0.9	0.5	0.0	-0.6	-1.0	0.8	0.2	0.0	0.0	-0.6	-0.5	0.6	-0.7	-1.0	-0.3	-0.1	0.6	0.7	1.0	0.7	
-0.8	0.4	-0.1	0.9	-0.9	-0.6	0.5	-0.3	-0.1	0.9	0.8	-1.0	0.3	-0.2	-0.7	0.9	0.1	-0.2	0.3	0.5	-0.8	0.1	-1.0	-0.4	-0.6	-0.5	0.6	-0.1	-0.2	0.9	-0.5	0.6	0.4	0.1	-0.6	0.2	0.1	-0.4	-0.5	0.7	-0.7	-0.6	-0.2	-1.0	0.6	-0.9	0.8	0.4	-0.8	-0.2	0.8	-0.4	0.7	0.4	0.8	0.3	0.5	0.5	0.3	-1.0	-1.0	0.1	-0.1	0.6	0.5	0.0	-0.6	-1.0	0.2	-0.3	-0.5	-0.7	0.5	0.6	0.7	0.0	-0.9	0.0	-0.9	1.0	
0.8	0.7	0.2	0.4	-0.5	0.3	0.1	0.2	-0.5	-0.5	0.1	0.8	0.8	0.6	-0.6	0.4	0.0	-0.7	-0.5	-0.2	-0.3	0.5	-0.7	0.5	0.4	0.1	-0.4	0.1	0.6	0.0	-0.9	0.2	-1.0	1.0	-0.7	0.8	-0.5	1.0	-0.9	0.1	0.0	-0.8	0.1	0.6	-0.8	1.0	-0.2	-0.1	0.0	0.2	-0.2	0.6	0.9	0.0	0.5	0.2	-0.9	-0.4	-0.5	0.1	0.6	0.3	-0.9	-0.1	0.2	0.7	-0.6	-0.9	-0.4	-1.0	0.0	0.9	-0.2	0.7	-0.3	0.7	0.8	0.6	-0.6	-0.6	
0.7	-0.1	0.4	-0.3	0.3	-0.9	0.3	0.3	1.0	-0.9	0.6	-0.1	0.7	0.0	1.0	-0.1	-0.9	-0.6	-0.2	0.5	1.0	0.4	-0.8	0.4	0.8	0.4	-0.3	-0.1	0.2	-0.5	-1.0	-0.7	-0.9	0.6	0.9	-0.4	-0.9	-0.4	0.6	0.2	0.1	-0.7	0.7	0.9	0.8	-0.7	-0.9	-0.4	0.4	0.2	-0.3	0.1	0.3	0.7	-0.8	-0.3	-1.0	0.4	-0.2	0.4	0.4	-0.5	0.3	0.6	-0.5	-0.8	-0.9	0.4	0.0	0.4	0.7	-0.4	-0.8	0.7	0.5	0.8	0.1	0.5	0.3	-0.1	
1.0	0.7	-0.8	-0.7	-0.1	0.6	0.9	-0.3	-0.5	-0.7	-0.8	0.0	0.4	0.8	-0.8	0.4	0.2	0.3	0.8	-0.9	0.4	1.0	-0.3	0.9	0.6	0.7	-0.9	0.4	0.7	-0.4	-0.9	-0.3	-0.9	1.0	0.9	-1.0	-0.2	0.6	0.8	0.8	0.0	1.0	0.3	-0.1	0.0	0.8	-0.7	-0.3	0.2	0.8	-0.9	0.5	-0.1	0.8	-1.0	-0.7	0.2	-0.3	0.8	-0.9	0.6	-0.6	0.0	-0.8	0.8	-0.4	-0.6	0.7	0.1	-0.7	-0.1	0.9	1.0	0.9	0.1	-0.4	-0.6	0.6	0.2	-0.3	
0.4	0.9	-0.8	0.9	0.0	0.9	0.2	0.5	-1.0	0.3	0.8	-0.5	-1.0	-0.6	-0.7	1.0	-0.2	0.3	-0.7	-0.9	0.6	-0.3	-0.6	0.1	0.6	0.8	0.9	-0.4	-0.8	0.6	0.6	0.9	0.1	-0.3	-0.4	0.1	0.3	-0.8	0.4	1.0	-0.4	-0.3	-0.6	0.2	-0.9	0.1	-0.3	0.3	-0.8	-0.6	0.1	0.5	0.7	0.1	-0.7	-0.2	0.7	-0.2	-0.2	0.4	0.5	0.2	-0.1	0.5	0.4	-0.7	-0.1	-1.0	1.0	-0.7	-0.3	-1.0	0.9	0.5	-0.5	-0.1	0.1	-0.4	0.8	0.8	
0.2	-0.9	-0.9	-1.0	0.1	0.9	0.6	-0.6	-1.0	-0.6	0.6	-0.9	-0.5	0.2	-0.5	0.4	-0.6	0.4	-1.0	-0.1	-0.2	1.0	0.9	0.8	-1.0	0.9	0.9	0.4	0.8	0.8	0.9	-0.8	-0.5	0.3	0.1	-0.3	-0.9	0.0	0.7	-0.8	-0.6	0.0	0.9	0.9	0.6	-0.6	-0.2	0.9	-0.4	0.5	-0.7	-1.0	-0.5	-0.9	0.8	-0.5	0.9	-0.8	0.3	0.0	-0.8	-0.8	-0.9	-0.8	0.8	0.5	0.7	-0.2	0.4	0.7	0.3	-0.4	0.6	-0.1	-0.2	-0.6	-0.9	0.3	-0.6	0.7	
0.1	0.3	-0.8	0.9	-0.3	0.7	0.0	-0.9	-1.0	-0.7	-0.1	-0.1	0.7	0.8	-0.7	0.1	-0.6	-0.2	0.7	0.3	0.9	-1.0	-0.1	0.9	0.5	-0.1	-0.4	0.2	-1.0	-0.6	0.0	0.7	-0.3	-0.1	-0.2	0.2	-0.9	0.8	-0.4	0.3	-0.1	0.2	0.0	-0.9	-0.4	0.2	-0.9	-0.2	-0.5	0.3	0.8	0.4	-0.5	-0.5	-0.2	0.4	0.1	0.2	0.4	0.8	0.1	-0.2	-0.4	0.3	0.7	-0.3	-1.0	0.8	0.5	0.3	0.1	0.0	-0.1	-0.5	0.2	-0.2	0.9	-0.7	0.2	-0.8	
-0.4	-0.2	0.3	0.3	-0.6	-0.3	-0.4	0.0	-0.9	0.7	-0.2	0.2	0.6	-0.6	-0.1	-0.3	0.3	0.0	-0.4	-0.1	0.4	-0.8	1.0	0.3	0.0	0.2	0.2	0.8	0.7	0.8	-0.9	-0.1	0.2	-0.3	-0.2	0.7	-0.3	0.2	0.4	-0.8	0.0	-1.0	-0.6	-0.1	-0.3	0.0	1.0	-0.7	-0.6	-0.3	0.2	-0.5	0.7	-0.2	1.0	0.9	0.1	-0.5	0.3	0.6	0.9	1.0	-0.1	0.2	0.1	-0.2	-0.1	0.9	0.7	-0.7	0.3	-0.9	0.0	-0.3	0.5	-0.6	0.7	-0.8	0.3	0.5	
0.7	-0.8	0.3	-0.9	0.6	-1.0	-0.4	1.0	0.2	-0.5	-0.5	0.5	0.3	0.5	-0.3	-0.8	1.0	-0.3	-0.7	-0.8	-0.8	-0.7	-0.2	0.8	-1.0	0.2	-0.6	-0.9	-0.4	-0.4	0.2	0.0	0.2	0.1	-0.3	0.2	1.0	0.1	1.0	0.6	0.9	0.5	0.3	-0.9	-0.6	-0.5	0.5	-0.4	0.9	-0.1	-0.2	-0.2	0.1	0.4	-0.9	0.8	0.1	0.7	0.3	0.2	-0.2	0.7	-0.1	0.9	-1.0	0.6	-0.1	-0.4	-0.5	0.7	0.4	0.7	0.8	-0.6	-0.5	-1.0	-0.6	-1.0	-0.9	-0.5	
0.7	0.7	-0.7	-0.1	-0.1	-0.7	-0.7	0.4	0.6	0.2	-0.8	-0.2	0.5	-0.7	0.1	-0.8	-0.5	0.4	0.0	0.5	0.4	0.3	-1.0	-0.2	0.2	0.8	-0.9	0.5	-1.0	-0.9	-0.7	0.3	-0.9	-0.1	0.3	0.1	-0.2	-0.1	0.3	-0.4	-0.5	-0.6	-0.7	-1.0	-0.1	0.8	-0.7	0.2	-0.7	0.9	-0.6	-0.2	0.3	0.0	-0.5	-0.4	0.6	0.1	0.3	0.5	0.0	0.3	-0.9	-0.3	0.4	-0.1	-0.6	0.8	0.8	0.9	-1.0	-0.9	-0.6	0.6	-0.7	0.6	0.2	-0.4	0.9	0.2	
-0.9	-0.4	-0.3	0.7	-0.8	0.2	0.1	-0.6	-0.5	-0.7	-0.9	0.1	-0.4	0.1	-0.8	-0.4	0.8	0.6	-0.2	0.9	-0.6	0.9	0.3	-0.8	0.5	-0.4	0.9	0.5	0.5	0.9	-0.6	0.3	-0.9	0.5	-0.9	-0.4	-0.5	0.8	-1.0	-0.5	0.7	0.4	0.2	-0.5	-1.0	-0.9	0.7	0.1	-0.9	-0.2	0.2	-0.4	-0.1	0.4	-0.2	-0.4	0.5	-0.2	0.9	0.2	0.0	-0.2	0.1	-0.5	-0.1	-0.5	-0.4	-0.5	0.3	-0.9	0.1	0.2	0.8	-0.8	0.4	-0.5	0.2	0.6	0.2	0.9	
-0.2	-0.2	-0.8	0.1	-0.5	0.8	-0.9	-0.4	-0.2	0.6	0.0	-0.1	0.2	-0.2	0.0	-0.8	-0.8	0.3	0.4	0.0	0.9	0.5	0.7	0.1	0.9	-1.0	-0.9	-0.6	0.7	0.8	0.3	0.0	-0.7	-0.5	-0.4	-0.2	0.4	0.1	0.9	0.2	-0.4	0.7	-0.4	-0.5	-0.3	-0.5	-0.3	-0.3	0.6	0.9	-0.3	-0.8	0.2	-0.1	-0.4	-0.5	0.3	0.7	0.4	0.1	-0.9	-0.7	-0.9	-0.5	-0.3	-0.2	1.0	0.5	-0.1	0.5	0.3	0.2	0.4	0.9	1.0	-0.6	0.4	-1.0	0.4	0.8	
0.9	-0.4	0.3	0.4	-0.1	-0.7	-0.7	-1.0	-0.4	-0.6	0.0	0.8	-0.1	-0.2	1.0	0.2	0.0	0.8	-0.8	-1.0	-0.3	0.6	-0.4	-0.7	-0.9	-0.1	0.9	0.7	0.6	0.6	-1.0	-0.5	-0.1	0.6	0.2	-0.1	-0.7	0.0	-0.3	-0.3	-0.7	-0.3	1.0	0.8	0.4	-1.0	0.0	0.8	-0.6	-0.7	-1.0	-0.5	-0.6	-0.9	-0.3	0.8	0.5	0.3	0.5	0.3	-0.8	0.1	0.9	-0.9	0.8	1.0	0.4	-0.8	1.0	0.3	-0.3	0.7	-0.3	0.4	-0.2	0.3	0.3	-0.8	0.6	0.8	
-0.7	-0.1	0.0	-0.6	0.7	-0.6	1.0	0.4	0.5	0.5	-0.6	-0.5	-0.8	0.2	0.1	-0.8	1.0	-0.2	0.6	0.8	-0.7	-0.2	-0.1	0.4	-0.5	-0.3	-1.0	-1.0	-0.9	-0.6	-1.0	0.0	0.5	0.7	0.1	0.2	0.1	0.8	-0.4	0.6	0.0	0.1	-0.8	-0.6	-0.8	-0.8	0.5	0.2	-0.2	0.4	-1.0	-1.0	-0.9	0.4	1.0	0.5	0.7	-0.9	-0.7	0.9	0.3	-1.0	-0.1	0.2	-0.2	0.9	-0.4	0.1	-0.3	0.5	-0.2	-0.4	1.0	0.5	0.1	-0.7	-0.7	0.2	-0.1	0.2	
0.4	0.1	0.4	0.8	0.9	0.8	0.2	-0.9	-0.8	-0.6	-0.9	-0.8	0.2	-0.8	0.3	0.9	-0.9	0.1	-0.8	0.0	-0.4	-0.7	-0.1	0.3	1.0	-0.1	0.6	0.6	-0.6	-0.8	0.8	-0.5	-0.1	0.8	-0.7	-0.4	0.0	-0.8	0.6	0.6	-0.1	0.3	1.0	1.0	0.9	0.8	0.0	0.5	-0.9	0.1	0.6	-1.0	-0.5	-0.1	0.7	1.0	-0.7	0.1	-0.9	-0.4	-0.1	-0.3	0.9	0.3	0.0	-0.9	-0.8	-1.0	-0.4	0.2	0.6	-0.2	0.0	0.1	0.6	-0.6	-0.3	0.6	-0.6	-0.6	
0.9	-0.6	0.0	0.7	-0.9	-0.4	0.2	-0.2	-0.7	0.7	0.4	0.7	0.8	0.7	-0.3	0.4	0.1	-0.3	-0.4	-0.8	0.6	0.6	-0.7	0.4	0.8	0.9	-0.3	-0.1	-0.9	-0.3	0.3	-0.2	0.7	1.0	-0.1	-0.1	0.7	-0.7	0.2	0.2	0.8	0.2	-1.0	0.9	0.1	1.0	-0.2	0.7	-0.8	0.8	-1.0	0.4	1.0	0.8	0.8	0.1	0.3	-0.9	0.7	-0.9	-0.4	0.8	0.9	-0.5	-0.9	0.1	-0.9	0.9	-0.4	0.3	0.2	0.9	0.6	-0.8	-0.2	0.2	0.4	-0.5	0.9	-0.7	
-0.4	-0.7	-0.4	-0.8	-0.2	0.1	0.3	0.3	1.0	0.0	-0.9	-0.5	-0.6	-0.8	0.6	-0.2	0.0	0.0	-0.3	-0.4	0.0	0.0	0.2	0.7	0.0	1.0	-0.4	1.0	0.4	-0.6	-0.4	0.1	0.2	-0.8	0.5	0.8	0.5	-0.2	-0.9	0.7	0.2	-1.0	0.4	-0.7	-0.6	-0.6	0.6	-0.6	-0.9	0.2	-0.6	0.5	0.5	-0.6	0.9	-0.6	-0.8	-0.1	0.1	0.7	0.4	-0.8	0.8	-0.4	1.0	0.4	-0.6	-0.7	-0.7	0.9	-0.1	-0.7	0.7	0.3	-0.7	0.6	-0.9	-0.1	0.8	-1.0	
-0.6	0.9	-0.2	0.8	-0.5	0.0	1.0	-0.2	0.9	-0.7	-0.9	0.4	-0.9	-0.6	-0.6	-0.9	-1.0	-0.3	-0.9	-0.7	0.3	0.9	0.3	0.0	0.5	-0.8	-0.1	0.7	0.0	-0.8	0.3	0.8	0.8	0.6	-0.2	-0.5	-0.1	-0.4	-0.1	0.4	0.0	-0.1	-0.3	0.0	-0.1	1.0	-0.3	0.8	0.8	0.7	0.0	-0.2	0.8	-0.4	0.4	1.0	0.3	0.1	0.3	0.1	0.0	-0.9	-0.7	-1.0	0.0	-0.9	-0.7	0.1	-0.2	0.8	0.3	-0.9	-0.9	0.5	0.3	-0.5	0.1	0.5	1.0	-0.6	
-0.2	-0.1	-0.4	-1.0	0.5	0.8	0.5	0.9	-0.7	-0.3	0.4	-0.2	-0.7	-0.7	0.9	-0.5	-0.1	-0.5	0.4	0.0	-0.8	-0.6	-0.2	0.8	-0.2	0.1	-0.1	0.1	0.8	0.6	0.9	-0.8	-0.8	-0.3	0.0	0.2	-0.4	-0.6	-0.3	1.0	-1.0	-0.1	1.0	0.2	0.7	-0.2	-0.1	0.3	-0.8	0.1	0.5	0.6	-0.1	-1.0	1.0	0.1	0.8	-0.4	0.3	-1.0	-0.2	0.7	-0.2	0.4	0.6	0.6	-0.2	0.7	-0.7	0.9	-0.3	-0.2	1.0	-0.8	-0.5	0.3	-0.1	0.8	0.2	1.0	
0.3	-0.2	-0.7	0.7	0.8	-0.6	0.8	1.0	0.2	-0.9	-0.6	-1.0	1.0	0.5	0.5	0.3	-0.1	-0.9	0.8	-0.3	-0.7	-0.8	-0.6	-0.4	0.0	0.9	0.9	-0.1	0.6	-0.9	0.4	0.9	-0.3	-0.3	-0.5	-0.6	0.5	-0.5	0.6	-0.9	-0.9	-0.1	-0.7	-0.6	-0.7	-1.0	0.0	0.9	0.8	-0.4	-0.6	0.5	-1.0	0.6	-0.8	-0.6	-1.0	0.7	-0.9	-0.8	-0.9	0.6	-1.0	0.5	-0.8	-0.2	0.1	0.0	0.8	-0.6	0.7	0.8	0.8	-0.9	-0.7	-0.9	-0.8	0.0	0.7	-0.4	
-0.3	0.0	-0.9	0.7	0.9	-0.6	-0.9	-0.6	-0.6	0.8	0.2	-0.2	-1.0	0.8	-1.0	0.9	-0.7	-0.8	0.5	-0.7	0.0	0.7	-1.0	-0.1	-0.6	0.9	-0.2	0.4	-0.3	-0.1	-0.9	-0.1	-0.1	0.6	0.9	0.1	0.4	0.3	0.1	-0.3	0.7	-0.1	0.8	0.3	-1.0	0.8	0.8	0.5	0.6	-0.5	0.0	-0.9	-0.2	-0.3	0.0	0.4	0.5	0.9	-0.2	-0.1	-0.8	-0.2	-0.4	0.5	0.6	-1.0	0.6	1.0	0.0	0.5	0.2	0.0	-0.2	0.1	-0.9	0.0	-0.2	0.3	-0.7	-0.9	
-0.4	-0.2	0.4	0.9	0.2	0.1	0.3	0.6	-0.7	-0.6	0.8	-0.2	0.1	-1.0	-0.7	-0.5	-0.7	0.6	0.6	0.2	-0.3	-0.3	-0.9	0.5	1.0	-0.6	-0.4	-0.5	-0.6	-0.6	-1.0	-1.0	-0.5	0.8	0.8	-0.9	0.0	-0.6	0.7	0.0	1.0	-0.5	0.5	-0.7	0.7	0.3	-0.2	-1.0	-0.1	0.4	0.1	-0.4	-1.0	0.3	0.2	-0.8	0.7	0.7	-0.7	0.6	-0.9	0.5	-0.9	0.4	-0.1	0.9	-0.9	0.2	-0.9	0.3	-0.2	0.2	-0.6	-0.8	-0.2	-0.4	-0.8	1.0	1.0	0.9	
0.9	0.3	0.4	0.0	-0.4	0.0	-0.2	0.4	-0.3	-0.4	-0.7	0.1	-0.5	0.7	-1.0	0.4	1.0	-0.1	0.0	1.0	0.8	0.2	-0.2	-0.1	-0.2	0.6	-0.6	-0.4	-0.9	-0.1	1.0	0.0	-0.9	0.7	-0.1	0.6	0.8	-0.8	-0.7	1.0	1.0	0.6	-0.8	-0.4	0.2	0.7	1.0	0.3	-0.6	-0.1	0.4	0.4	-0.1	0.4	-0.2	-0.9	-0.2	0.6	-0.4	-0.2	0.2	0.3	-0.8	-0.9	-0.9	-0.5	0.1	-0.4	-0.6	-0.6	-0.2	-0.4	-0.4	0.8	0.7	-0.8	0.8	0.3	1.0	-0.8	
0.9	-0.7	-0.8	0.1	-0.9	1.0	-0.2	-0.8	0.4	0.7	0.7	0.5	1.0	0.1	-0.5	0.1	-0.8	0.7	0.7	1.0	0.5	0.8	-0.3	-0.5	0.3	0.5	0.0	0.5	1.0	0.0	0.2	-0.3	-0.7	-0.4	0.5	1.0	-0.3	-0.3	-0.1	0.7	-0.7	0.6	0.3	0.1	1.0	-0.2	0.1	0.6	-0.8	-0.6	0.8	0.5	-0.9	-0.1	-0.8	0.6	-0.4	-0.6	0.8	-0.2	-1.0	-0.9	-0.1	-0.9	0.1	0.3	-0.2	1.0	0.6	-0.8	-0.5	-0.2	0.4	0.8	-0.3	-0.1	0.0	-0.9	-0.9	0.4	
-1.0	-0.7	0.8	0.2	-0.2	-0.9	0.0	-0.8	-0.4	-0.9	0.5	-0.9	0.3	-0.6	-0.8	-0.7	0.2	0.9	-0.3	-1.0	-0.7	-0.8	-0.5	-0.5	-0.6	0.6	-0.2	-0.8	-0.6	-0.3	0.4	0.5	-0.6	-0.9	-0.7	0.2	0.0	-0.1	-0.8	0.2	-0.3	-0.2	0.8	-1.0	-0.4	0.6	-1.0	0.4	-0.4	0.6	0.1	-0.5	0.7	-1.0	0.2	1.0	-0.4	0.5	0.5	0.9	-1.0	-1.0	-0.5	-0.1	0.7	-0.1	-0.5	0.5	0.6	-0.1	-0.1	-1.0	0.5	-0.7	0.1	0.5	0.6	0.8	0.0	0.6	
-0.6	0.2	-0.5	1.0	-0.6	0.3	-0.7	-0.3	0.5	-0.5	0.7	0.4	0.0	0.8	0.4	-0.8	1.0	-0.2	-0.5	0.4	-0.5	0.9	0.9	-0.4	-0.9	-0.7	-0.5	-0.8	0.6	0.2	-0.8	1.0	0.6	-0.9	0.9	0.1	-0.9	-0.3	-0.7	0.7	0.7	0.0	-0.9	-0.9	0.3	0.4	-0.3	-0.1	1.0	-0.4	0.3	0.8	0.9	0.2	-1.0	-0.2	-0.4	0.6	0.4	-0.4	0.1	0.8	0.2	-0.4	-0.5	-0.8	0.3	-0.4	-0.7	-0.1	0.3	0.5	0.5	0.2	0.3	0.7	-0.5	0.2	1.0	0.6	
0.1	-0.4	0.8	-0.3	-0.5	-0.7	-0.4	0.0	-0.7	0.8	-0.6	0.6	0.4	1.0	0.7	0.8	-1.0	0.1	-0.9	-0.2	0.7	-0.4	-0.7	-1.0	0.2	0.3	-0.7	1.0	0.4	-0.5	0.3	0.5	-0.1	-0.2	-0.1	-1.0	-0.8	-0.9	0.1	0.7	0.7	-0.6	0.0	-0.2	0.2	0.7	0.6	0.8	-0.8	-0.2	0.3	0.1	-0.4	0.3	1.0	0.6	-0.6	-0.3	0.7	0.9	-0.4	0.9	-0.9	0.9	0.3	-1.0	-0.4	0.6	-0.3	0.0	1.0	0.6	0.1	-0.2	0.4	-0.9	0.9	-0.4	0.5	-0.8	
1.0	0.0	-0.5	0.6	-1.0	-0.1	0.0	-0.9	0.0	-0.6	0.0	0.5	-0.5	0.5	-0.5	0.7	-0.5	0.9	-0.4	0.5	-0.3	0.0	0.4	-0.4	-0.4	0.3	0.4	-0.1	-0.9	-0.3	-0.5	0.8	0.2	-0.1	1.0	-0.8	-0.7	-0.3	-0.8	-0.5	-1.0	-0.3	0.6	0.1	0.2	-0.6	-1.0	0.7	-0.7	0.7	-0.1	-0.1	1.0	-0.7	0.0	-0.6	-0.5	-0.1	0.2	0.0	0.4	0.5	-1.0	0.2	-0.3	1.0	0.3	0.2	0.9	-0.4	-0.5	-0.3	0.2	0.2	0.6	-0.6	-0.6	0.8	0.5	-1.0	
0.3	0.0	-0.4	-1.0	-0.8	0.4	-0.2	-0.7	-0.4	-0.2	0.6	-0.3	0.6	-1.0	0.2	-0.8	-0.3	-0.4	1.0	0.3	0.5	-0.9	-1.0	0.8	-0.8	-0.7	-0.8	-0.2	-0.1	-0.3	1.0	0.1	0.4	0.9	-0.3	0.2	0.3	-0.5	0.5	0.3	-0.5	0.8	-0.3	0.4	0.7	0.2	0.5	-0.6	0.4	-0.4	0.5	0.9	-0.4	0.5	0.2	-0.8	0.2	0.1	1.0	0.1	0.6	0.6	0.1	0.6	-0.6	-0.4	-0.3	0.7	0.8	-0.4	-0.6	-0.1	0.5	-0.2	0.3	-0.9	0.0	0.6	-0.2	1.0	
-0.3	-0.5	-0.9	0.0	-0.5	0.5	0.2	-0.3	-0.6	0.8	-0.6	0.4	0.0	-0.8	0.1	0.1	0.3	0.1	-0.1	-0.3	0.9	-0.3	-1.0	-0.2	0.8	-0.7	0.7	1.0	-0.6	-0.6	1.0	-0.2	0.2	-0.3	0.3	-1.0	0.8	-0.7	0.1	0.4	-0.5	0.7	-1.0	0.9	0.5	-0.9	-0.3	0.4	-0.9	0.2	0.4	0.1	-0.4	-0.8	0.3	0.9	-0.4	0.9	0.8	-0.1	0.1	1.0	0.6	0.0	-0.2	-0.4	0.0	0.1	0.5	1.0	0.6	-0.5	0.1	-0.4	1.0	-0.2	0.0	-0.9	1.0	0.7	
-0.3	-0.2	0.5	1.0	0.2	-0.4	0.7	-0.6	0.2	0.2	-0.6	-0.2	0.4	0.3	-0.9	-0.8	-0.7	0.1	0.9	0.4	-0.2	-1.0	-0.9	-0.8	0.8	-0.5	-0.4	0.7	-0.3	-0.7	-0.1	1.0	-0.9	0.2	0.4	-0.2	-0.7	0.4	-0.9	-0.6	1.0	0.3	-0.7	0.1	-0.8	-1.0	1.0	0.0	-0.1	0.5	-0.4	0.9	-0.3	-0.6	0.2	-0.6	-0.3	-0.6	1.0	0.1	-1.0	-0.7	0.8	0.8	0.9	0.5	-0.8	-0.8	1.0	-0.6	0.5	1.0	-1.0	-0.7	0.4	-0.4	-0.8	-0.1	-0.7	0.0	
-0.6	0.4	0.1	0.3	-0.5	-1.0	-0.4	0.2	0.6	1.0	0.0	-0.6	0.8	-0.3	-0.8	0.8	-0.7	-1.0	0.7	-0.5	0.9	-0.4	0.7	0.4	1.0	0.0	-0.4	0.8	-1.0	0.0	-1.0	0.2	-0.6	-0.2	1.0	0.3	0.9	-0.6	-0.8	0.9	-0.1	0.8	0.6	-0.1	0.1	-0.1	0.6	-0.9	0.8	-0.9	0.3	0.2	0.6	0.9	-1.0	0.3	0.1	0.0	-0.3	0.0	-0.1	0.9	0.6	0.9	1.0	1.0	-0.6	-0.6	-0.8	-0.2	0.9	0.6	-0.2	0.4	-0.6	0.1	-0.7	-0.5	-0.3	0.2	
-0.7	-0.6	0.4	0.3	0.0	-0.5	-0.8	-0.6	0.3	0.6	0.1	-0.7	-0.1	0.2	-0.2	-1.0	0.5	0.9	-0.4	0.4	0.7	1.0	-0.8	0.0	-0.2	-0.9	0.6	-0.5	-1.0	-0.4	-0.6	0.3	-0.2	-0.1	0.0	0.4	-1.0	0.0	-0.2	-0.8	-1.0	-0.2	-0.7	-0.4	-0.2	0.8	-1.0	-1.0	1.0	0.7	-0.9	0.9	0.5	0.1	1.0	0.1	-0.6	0.7	-0.3	0.4	-0.4	0.8	-0.4	0.4	0.1	-1.0	0.3	-0.1	-0.1	-0.2	-0.2	-0.9	-0.1	-0.2	-1.0	0.6	0.5	0.8	0.9	0.9	
0.5	0.0	-0.9	0.6	-1.0	-0.1	-0.9	-0.9	0.7	0.3	-1.0	0.3	0.6	0.8	-1.0	0.7	0.8	1.0	0.3	0.5	-0.8	-0.7	0.3	0.8	0.8	0.0	0.5	-0.8	0.9	-0.3	-0.9	0.6	0.2	-0.6	0.1	0.7	0.8	-0.7	-0.4	0.4	0.1	0.8	-0.4	0.0	0.8	0.6	0.7	-0.1	0.5	-0.9	-1.0	0.1	0.6	-0.7	0.2	0.2	0.6	-0.6	0.9	0.7	0.4	0.3	0.6	0.2	0.3	0.2	-0.5	-0.2	-0.5	1.0	0.9	-0.6	-0.5	-0.1	-0.8	0.3	0.7	0.8	-0.5	-0.3	
-1.0	-0.6	0.8	-0.9	0.3	-0.9	0.2	0.6	-0.2	0.7	0.3	0.5	0.8	-0.3	0.3	-0.3	0.4	0.6	-0.1	0.7	0.8	-0.1	0.7	-0.8	0.3	-0.7	-0.3	0.5	1.0	-0.3	0.3	1.0	-0.6	-0.9	0.8	0.3	0.7	0.9	-0.3	-0.6	0.7	-1.0	0.7	0.8	0.2	0.6	-0.5	-0.5	-0.5	0.1	0.1	-0.2	0.1	-0.4	-0.3	-0.9	0.4	-0.4	-0.1	0.6	0.1	0.0	-0.9	0.4	-0.9	-0.8	0.4	0.9	0.6	-0.5	-1.0	-0.6	-0.7	-0.4	0.1	-0.8	0.1	-0.1	-0.2	-0.8	
-0.1	-0.8	0.8	0.6	-0.5	-1.0	-1.0	-0.6	0.1	0.6	-0.9	-0.3	0.0	0.2	0.2	-0.8	0.1	0.1	-0.3	0.0	0.6	0.4	0.8	1.0	-0.6	0.2	0.7	0.8	-0.9	0.4	-0.1	-1.0	0.8	-0.2	-1.0	-0.1	-0.5	0.6	-0.3	0.9	-0.7	-0.7	-0.7	-0.9	0.9	-0.1	0.6	0.6	0.7	0.6	-0.3	0.1	-0.3	0.9	0.7	0.9	1.0	1.0	-0.4	1.0	-0.5	1.0	1.0	-0.4	0.6	1.0	-1.0	-0.6	-0.1	1.0	1.0	0.7	0.8	-0.8	0.1	-0.4	-0.1	-0.1	-0.9	-0.6	
1.0	0.3	1.0	0.3	0.9	0.7	-0.6	0.1	-0.5	0.9	0.6	-0.6	0.1	-0.1	0.9	-0.8	-0.2	-0.1	-0.3	0.5	0.0	0.6	0.0	1.0	-0.8	-0.8	-0.3	0.0	-0.6	0.6	0.4	-0.9	0.6	-0.7	-0.6	0.8	-0.9	0.9	0.0	0.2	-0.4	-1.0	0.4	-0.3	-0.5	-1.0	-0.3	-0.7	1.0	0.6	-0.3	0.9	0.9	0.1	-0.7	-0.4	-0.7	-0.1	0.6	0.2	0.2	-0.6	0.0	-1.0	-1.0	-0.4	0.0	0.4	0.7	-1.0	0.7	-0.9	0.8	-1.0	-0.1	0.6	-1.0	0.3	-0.9	0.2	
0.1	0.5	-0.4	0.5	-0.8	0.0	-0.1	0.9	0.3	0.4	0.5	0.8	-1.0	0.9	0.1	-0.7	-0.7	-0.8	0.2	-0.3	-0.6	0.0	0.9	0.4	0.1	0.8	-0.4	0.6	-0.1	-0.1	-0.9	-0.7	1.0	-0.2	-0.2	0.8	0.1	-0.7	0.5	0.8	0.4	0.0	-0.1	0.5	-0.3	0.1	-0.4	0.5	0.1	0.3	-0.9	-0.2	0.7	0.8	0.5	0.7	0.8	0.7	-0.4	0.7	0.7	0.1	0.6	-0.3	0.7	0.3	0.1	1.0	0.4	0.4	0.3	0.0	0.6	0.0	-0.4	1.0	-0.1	-0.1	1.0	-0.9	
-0.6	-0.7	-1.0	0.2	-0.9	0.7	0.5	-0.9	-0.8	-0.6	-0.8	0.9	0.9	-0.4	0.8	-0.3	-0.7	0.1	0.9	0.5	0.6	-0.5	0.1	-0.5	-0.8	-0.6	0.8	-0.9	0.1	0.4	-0.3	-0.4	0.6	-0.3	-0.4	-0.5	1.0	0.3	-0.7	-0.9	-1.0	-0.4	0.7	0.1	0.0	-0.6	0.4	0.9	0.8	0.1	-0.5	-0.9	-0.6	-0.3	-0.3	-0.6	-0.3	-0.9	-0.9	0.9	-0.2	0.5	-0.4	0.3	0.0	-0.8	-0.9	0.9	-0.2	0.6	0.5	0.4	-0.3	-0.5	0.3	0.0	0.7	-1.0	-0.7	-0.5	
0.9	-0.3	0.4	-0.7	1.0	0.5	-0.6	-0.3	0.9	0.2	0.9	-0.4	0.2	0.7	-0.5	-0.9	0.3	-0.4	0.0	-0.5	-0.6	-0.6	0.6	-0.4	-0.1	0.8	0.2	0.9	0.5	-0.9	-0.4	0.0	-0.8	-0.3	-0.6	-0.8	0.1	-0.4	-0.6	-0.6	-0.4	0.7	0.6	-0.9	-0.1	0.8	0.4	0.7	1.0	-0.1	0.7	0.0	0.7	0.9	0.8	0.7	-0.9	0.1	0.2	0.9	0.8	-0.4	0.0	0.4	-0.5	0.7	-0.9	0.3	-0.9	0.0	-0.5	-1.0	-0.2	0.2	0.2	0.3	-0.3	0.9	0.1	-0.6	
0.2	0.0	-0.4	-0.9	0.5	-0.6	0.0	0.6	-0.3	0.7	0.4	0.0	0.7	-0.2	1.0	0.1	0.9	0.7	0.3	0.3	0.4	0.6	-0.2	-0.2	-0.9	-0.7	-0.8	0.2	0.8	0.0	0.0	0.5	0.9	-0.3	0.9	-0.9	0.0	-0.1	-1.0	0.1	0.7	0.4	0.0	-0.6	-1.0	-0.7	0.0	0.4	-1.0	0.5	0.7	0.3	0.7	1.0	0.8	0.6	0.1	-0.4	0.3	-0.8	0.0	0.7	0.5	-0.1	-0.5	-0.6	0.7	-0.9	1.0	0.9	0.2	-1.0	0.2	-1.0	1.0	1.0	-0.1	-0.5	-0.4	-0.9	
-0.1	0.5	0.7	0.1	-0.4	-0.3	-0.8	0.4	0.3	0.7	-0.4	0.0	-0.2	0.1	0.3	-0.1	-0.1	0.9	0.9	0.4	-0.6	0.4	0.3	0.6	0.8	-0.4	-0.3	0.7	-0.6	-0.2	-0.8	-0.3	-0.1	-1.0	-0.2	-0.6	0.5	-0.6	0.7	0.3	0.2	0.8	-0.9	1.0	-0.9	-1.0	0.6	0.1	0.1	0.2	1.0	0.8	0.8	-0.5	-0.4	-0.4	-0.4	-0.3	-0.4	0.5	-0.4	0.9	-0.7	-1.0	-0.4	-1.0	1.0	0.6	0.3	-0.5	-0.9	0.5	-0.9	0.9	-0.4	0.0	0.4	0.5	0.8	-0.8	
0.5	0.5	-0.1	-0.9	-0.6	0.3	-0.4	0.3	0.8	-0.3	0.9	1.0	0.7	0.3	0.0	-0.7	-0.3	-0.2	0.6	-0.7	-0.2	-0.8	-0.1	0.8	-1.0	-0.2	0.5	0.0	-0.5	0.7	-0.5	0.1	-0.5	0.5	0.7	0.0	0.7	0.6	0.9	-0.7	0.7	0.7	-1.0	0.1	0.6	0.7	-1.0	0.3	0.9	0.5	0.3	0.6	0.9	0.6	1.0	-0.1	0.7	-0.7	-0.8	0.9	-0.5	-0.3	1.0	-0.2	0.7	0.7	-0.9	-0.7	-0.7	-0.4	-0.5	-1.0	0.5	0.0	-0.3	0.2	0.0	0.8	0.7	0.9	
0.5	0.6	-0.3	0.7	0.0	0.8	-1.0	-0.9	-1.0	0.9	0.5	-0.7	0.1	-0.1	0.5	0.7	-0.2	-0.6	0.8	0.3	0.1	-0.5	0.6	1.0	-0.4	0.6	0.9	0.6	-0.3	0.9	0.0	0.8	-0.1	0.0	0.5	0.6	-1.0	0.5	0.6	0.3	0.6	0.0	1.0	0.6	0.5	-0.6	-0.3	-0.7	1.0	0.6	1.0	-0.7	0.8	0.3	-0.7	-0.1	-0.8	-0.1	-0.1	0.5	-0.7	-0.6	0.1	-0.2	-0.3	-1.0	0.0	0.2	-0.7	0.6	0.2	0.0	0.8	0.3	0.0	0.1	-0.7	1.0	-0.6	-0.6	
-0.3	0.0	0.0	0.4	-0.9	-0.3	1.0	0.5	0.2	-0.1	0.0	-0.6	0.3	-0.8	0.2	0.7	-0.2	0.8	-0.8	0.7	-0.1	-0.1	-0.7	-0.1	0.4	0.7	-0.9	1.0	0.0	0.2	-0.7	0.9	-0.6	0.9	0.6	0.7	-0.6	0.6	0.3	1.0	0.8	-1.0	-0.9	0.9	-0.2	-0.8	0.6	0.8	-0.4	0.1	-0.6	0.2	-0.2	0.6	-0.2	0.9	0.2	0.1	0.4	0.3	-0.6	-0.3	-0.3	-0.5	-0.4	0.7	-0.1	0.2	-0.2	0.2	-0.9	0.6	-0.3	0.0	-0.2	0.7	-0.9	-0.5	0.0	0.1	
0.1	0.6	0.4	-0.2	-0.9	-0.2	0.6	0.2	0.5	-1.0	0.6	-0.8	-0.5	0.1	-0.7	-0.4	0.3	-0.6	-0.3	0.8	-0.1	0.3	0.4	-0.7	0.6	-0.6	0.5	0.8	0.2	0.6	0.4	0.9	0.6	0.6	-0.7	1.0	-0.9	0.2	0.5	1.0	0.3	-0.7	-0.2	-0.6	-0.4	-0.6	0.8	-0.5	0.2	-1.0	1.0	-0.8	0.8	-0.5	-0.6	-0.9	-0.7	-0.7	-0.4	0.2	0.7	-0.1	-0.8	0.8	-0.4	0.1	0.3	0.2	-0.3	-1.0	0.4	0.0	-0.5	-0.2	0.0	-0.6	-0.8	-0.2	-0.8	-0.8	
-0.5	1.0	0.2	-0.3	0.3	-0.3	0.8	0.0	-0.7	-0.5	-0.6	0.2	0.7	0.2	-0.9	-0.6	-0.6	-0.2	-0.1	0.5	-0.8	-1.0	-0.5	0.7	-0.8	-0.9	0.8	-0.7	-0.1	0.6	0.3	-0.6	1.0	0.2	1.0	-0.7	0.9	0.7	-0.8	-0.4	-0.3	0.6	0.3	-0.3	0.1	0.4	0.4	-1.0	-0.2	0.2	-0.1	0.7	-0.1	-0.3	-0.5	0.4	1.0	0.2	0.0	0.8	0.2	-0.1	-0.5	-0.9	1.0	0.6	-0.1	-0.4	0.0	-1.0	0.9	0.0	0.9	-0.8	0.4	0.0	-0.5	0.5	-0.4	0.2	
0.2	-0.4	-0.3	0.2	-0.1	-0.5	-0.8	-0.1	-0.3	-0.9	-0.3	0.4	-0.4	0.1	-0.5	0.1	0.1	0.7	-0.5	-0.2	0.3	-0.2	-0.3	1.0	1.0	0.5	-0.1	-0.7	0.6	-1.0	0.7	0.4	-1.0	0.6	-0.3	0.5	0.5	-0.3	0.3	0.6	0.9	-0.8	-0.5	-0.3	-0.3	0.9	-0.2	0.3	-0.1	0.1	-0.5	0.1	0.3	-1.0	0.3	0.7	0.2	0.1	-0.8	-0.1	0.5	-0.8	0.9	1.0	0.7	0.7	-0.6	-0.7	-0.9	0.9	0.4	0.4	0.9	0.9	0.6	0.7	-0.7	0.3	1.0	-0.9	
0.1	0.6	0.8	0.4	0.2	0.6	0.7	-0.2	-0.3	0.2	0.2	0.6	0.7	-0.2	0.8	0.7	0.4	0.8	0.8	1.0	-1.0	0.9	-0.2	-0.7	0.9	0.2	1.0	-0.8	0.3	-0.3	-0.4	-0.7	-0.5	1.0	0.5	-0.8	-0.9	0.1	1.0	-0.2	0.2	0.8	-0.9	0.6	-0.3	0.3	-0.9	0.5	-0.6	0.5	-1.0	-0.8	0.2	-1.0	-0.2	-1.0	0.1	-0.6	-0.4	-0.5	0.6	-0.5	0.5	0.0	0.2	-0.1	0.5	-0.1	1.0	0.7	0.3	-1.0	1.0	-0.9	-0.9	1.0	0.0	-0.5	0.9	-0.4	
-1.0	0.8	1.0	-0.5	0.6	-0.2	0.1	-0.7	0.6	0.9	0.1	0.0	0.9	0.6	-0.7	1.0	0.5	-0.3	-0.1	-0.7	-0.5	-0.7	-0.3	-0.7	-0.4	0.2	0.7	0.4	0.1	-1.0	0.4	0.2	0.0	-0.9	-0.2	0.9	0.3	-0.2	0.3	0.3	0.3	0.2	0.9	-0.6	-0.2	0.3	-0.7	0.5	0.0	0.6	0.9	0.9	0.9	0.4	0.0	1.0	-0.8	0.8	-0.4	1.0	0.9	-0.3	0.8	0.8	1.0	0.4	-0.2	0.3	-0.3	0.6	0.7	0.9	-0.5	0.7	1.0	0.0	0.0	0.6	0.4	-1.0	
0.0	-0.9	-0.2	0.3	-0.9	-0.2	-1.0	-0.7	0.5	-0.6	0.2	0.3	-0.1	0.7	-0.7	0.7	-1.0	0.1	-0.6	-0.2	1.0	-0.3	0.6	-0.5	0.3	0.5	-0.4	-0.8	-0.3	-0.9	0.4	-0.6	0.9	0.9	1.0	0.0	0.8	1.0	0.5	-0.9	-0.1	-0.4	1.0	-0.1	0.7	0.1	0.5	-0.3	-1.0	0.7	-0.2	0.6	-0.9	-0.7	0.3	0.2	-0.1	-0.2	-0.3	-0.3	1.0	0.0	0.1	-0.3	0.6	-0.3	0.8	0.1	-0.7	0.4	0.9	-0.9	0.0	0.7	-0.3	0.8	-1.0	-0.7	0.3	0.2	
0.6	-0.8	-0.4	0.5	-1.0	-0.7	0.3	-0.8	-1.0	1.0	0.1	-0.1	-0.4	0.4	-0.3	0.9	0.0	0.6	0.9	1.0	0.8	0.2	0.5	0.7	0.6	0.5	-0.2	1.0	0.8	-1.0	1.0	0.7	0.4	-0.7	0.5	0.8	-0.1	0.1	0.2	-0.6	-0.9	0.2	0.3	-0.6	-0.2	1.0	0.0	0.4	-0.4	0.6	0.4	-0.8	0.7	0.4	0.7	0.1	-0.9	0.5	0.8	-0.5	0.9	-1.0	0.1	-0.7	-0.2	0.1	0.5	-0.2	-0.9	-0.7	-0.1	-0.3	-0.6	0.8	0.1	-0.2	0.4	0.2	0.8	0.9	
0.1	-0.4	-0.8	-0.7	-0.3	0.6	-0.3	0.0	-0.2	-0.9	-0.3	-0.1	0.3	-0.2	0.9	-0.8	-1.0	-0.2	-0.4	0.5	0.3	-1.0	0.8	0.1	0.9	0.6	0.3	0.4	-0.9	0.5	0.8	-0.7	0.8	-0.1	-1.0	0.2	-0.5	1.0	-0.3	-0.1	0.2	0.2	-0.2	-0.6	0.5	0.5	-0.7	-0.9	0.5	-0.9	-0.3	-0.6	-0.8	0.6	0.4	0.8	0.9	0.1	0.2	-1.0	0.2	-1.0	0.9	0.3	-0.2	-0.6	-0.7	-0.8	0.2	0.3	0.8	-0.9	0.2	0.8	-0.1	-0.2	-0.8	0.7	0.0	0.2	
-0.9	-0.8	0.7	1.0	-0.5	0.2	-0.7	0.1	0.7	-0.7	0.7	0.2	0.3	0.6	0.0	0.4	0.3	0.4	-0.9	0.7	0.4	-0.7	0.3	0.9	0.0	-0.4	-1.0	-0.5	0.7	-1.0	-0.5	0.0	0.4	0.6	0.1	1.0	1.0	-0.3	-0.3	0.4	0.6	0.1	0.8	-1.0	-0.9	-0.7	0.9	0.2	0.5	-0.7	-0.3	0.9	0.9	-0.7	-0.7	1.0	-1.0	0.4	1.0	-0.1	-0.5	0.7	0.9	-0.5	-0.7	-0.8	0.3	0.5	-0.9	0.7	-0.7	0.7	0.5	-1.0	-1.0	-0.5	-0.2	-0.1	-0.1	0.3	
0.5	1.0	0.5	-0.8	-0.7	0.5	-0.4	0.4	0.4	-0.1	-1.0	0.3	-0.6	0.4	-0.1	0.1	0.6	-0.6	-0.6	0.4	-0.9	1.0	0.8	-0.4	-0.3	0.6	-1.0	-0.6	0.6	0.5	0.7	0.5	0.9	-0.7	-0.4	0.8	0.9	0.0	0.7	-0.5	0.0	0.6	-0.1	1.0	0.0	-0.1	0.2	0.9	-0.2	-0.9	-0.4	-1.0	-0.6	-0.1	-0.1	0.6	0.3	-0.2	-0.7	-0.8	0.5	0.7	0.8	0.1	-0.4	-0.1	0.1	1.0	-0.3	0.4	-0.9	1.0	0.5	-0.1	0.1	0.5	0.1	0.8	0.7	-1.0	
-1.0	0.0	-1.0	0.4	0.5	0.7	0.6	-0.5	-0.4	0.6	-0.9	0.8	0.3	0.3	-0.5	0.9	0.5	-0.3	0.8	-0.4	-0.1	-0.2	-0.1	-0.8	-0.3	0.3	-0.4	0.7	-0.8	0.0	-0.2	-0.5	0.1	-1.0	-0.4	-0.6	0.3	0.5	-0.9	0.4	-0.9	-0.5	-0.2	0.5	0.1	0.5	-0.8	-0.5	0.3	0.7	0.9	-0.7	-0.8	0.8	-0.1	-0.5	0.6	-0.4	-0.7	-0.9	-0.5	0.0	1.0	0.5	0.7	-0.8	-0.9	-0.3	0.9	0.6	-0.4	-0.8	0.5	0.3	0.4	0.8	-0.5	0.3	0.5	-0.2	
0.5	0.0	-0.7	-0.5	0.6	0.9	0.8	0.6	0.5	0.6	-0.8	-1.0	-0.3	0.6	-0.5	0.4	1.0	0.1	-0.2	0.0	-0.8	-0.5	0.1	-0.7	-0.1	0.6	0.4	-0.1	-0.3	-0.4	-1.0	-0.2	-0.3	0.5	-0.9	0.9	-0.8	0.1	-0.9	-1.0	-0.2	0.4	0.9	-0.3	-0.3	-0.2	0.0	-0.2	-0.9	0.1	0.5	0.7	0.5	1.0	0.7	0.4	-0.1	-0.7	0.8	-0.4	0.2	-0.3	-0.2	-0.1	-0.2	0.5	0.7	0.5	0.9	-1.0	-0.6	0.7	0.8	-1.0	0.3	-0.5	-0.7	0.8	0.9	-0.3	
0.1	0.2	0.5	-0.3	-0.3	-0.8	-0.3	0.5	0.4	0.3	0.2	0.1	0.6	-0.2	0.3	0.0	1.0	-0.3	0.6	0.7	0.5	-0.4	-0.9	-0.4	0.8	0.3	0.5	0.4	-0.3	0.1	-0.2	0.2	0.0	-0.3	1.0	1.0	0.3	-0.4	0.6	0.9	0.1	0.5	0.5	0.4	0.7	0.3	0.5	-0.7	0.6	1.0	0.3	-0.2	-0.9	-0.7	0.9	-0.7	0.5	0.6	-0.3	0.6	1.0	0.4	-1.0	0.2	-0.7	-0.7	0.7	0.0	-0.2	-0.8	0.9	0.1	0.9	-0.7	0.6	-0.7	0.6	0.7	-0.5	0.2	
-0.4	-0.6	-0.3	0.1	0.0	0.5	0.2	0.1	0.7	-0.1	-0.5	0.5	-0.5	-0.7	-0.1	-0.7	0.3	-0.2	-0.7	0.2	0.0	0.1	0.8	0.5	0.3	0.8	0.6	0.1	0.7	0.5	-1.0	-0.7	-0.3	1.0	0.3	-0.8	-0.7	-0.3	0.0	-0.3	-1.0	-0.7	-0.2	0.8	-0.4	0.5	-0.4	-0.8	-0.4	-0.3	-0.7	0.9	0.6	0.4	0.5	-0.8	-0.2	0.4	-0.3	-0.8	0.5	-0.4	-0.9	0.8	-0.6	0.4	-0.1	0.1	1.0	-0.6	-1.0	0.8	0.2	1.0	0.1	0.9	0.2	-0.7	0.3	0.8	
0.2	0.2	0.5	-0.6	-0.3	-1.0	-0.8	1.0	-0.8	-0.6	0.7	-0.6	0.3	0.0	0.9	-0.3	-0.1	0.1	-0.5	1.0	1.0	-1.0	0.9	0.2	-0.7	-0.3	-0.8	-0.1	-0.4	0.3	0.5	-0.8	0.9	0.2	-0.5	-0.9	-0.4	-0.6	-0.1	-1.0	1.0	0.6	0.9	0.3	0.6	-0.8	0.0	-1.0	-0.5	0.0	1.0	0.9	0.9	-0.9	0.9	-0.5	0.2	0.2	0.2	0.8	-1.0	0.2	0.1	0.7	-0.3	0.1	-0.2	-1.0	0.4	0.6	-0.1	-0.4	-0.4	-1.0	0.7	-0.5	-0.9	-0.9	-0.3	0.2	
0.6	0.3	-1.0	0.2	-0.9	0.9	0.7	-1.0	0.8	0.4	0.5	-0.9	0.8	-0.2	-0.1	0.1	-1.0	0.7	0.1	-0.7	0.1	0.3	-0.6	-0.5	0.6	0.8	-0.7	-0.7	0.7	-0.8	-0.1	0.6	-0.5	0.1	0.6	-1.0	-0.6	-0.3	1.0	-0.5	-0.8	-0.7	-0.4	-0.7	0.0	-0.8	-0.3	-0.2	-1.0	-0.2	-1.0	0.6	1.0	-0.7	-1.0	-1.0	0.3	-1.0	0.3	-0.2	0.1	-0.5	-1.0	0.5	0.8	0.1	-0.8	0.5	0.3	-0.5	0.5	-0.4	0.1	0.8	0.6	-0.5	-0.9	-0.6	-0.7	1.0	
0.3	0.7	-0.1	-0.9	0.0	-0.4	0.6	-0.4	-0.9	0.5	0.6	-0.2	0.8	0.5	0.9	-0.7	0.0	0.2	0.6	0.0	-0.6	0.5	0.3	-0.5	0.4	0.5	-0.3	1.0	-0.9	0.8	-0.4	0.5	-0.6	-0.6	-0.9	0.4	0.9	0.8	0.3	0.0	0.2	0.3	-0.8	0.4	-0.3	1.0	-0.8	-0.7	-0.1	0.4	0.2	-0.6	-0.9	0.7	1.0	0.7	0.2	-0.8	0.4	-0.2	0.1	0.2	0.5	-0.3	-0.4	-0.1	-1.0	0.5	0.1	-0.4	0.1	-0.7	0.9	0.4	-0.8	0.4	-0.3	0.1	0.7	-0.8	
0.8	0.2	-0.3	-0.4	0.7	0.2	0.1	-0.9	-0.3	-0.8	0.0	0.1	-0.2	-0.6	0.3	0.6	0.5	-0.6	0.6	0.2	-0.6	-0.8	0.2	-0.2	0.7	-0.6	-0.5	0.8	-0.5	-0.3	0.2	-0.3	0.6	-0.9	-1.0	0.4	-0.7	-0.2	1.0	-0.8	0.8	-0.2	-0.6	-0.8	-0.9	-0.3	-0.3	0.9	-0.2	-1.0	-0.7	0.8	0.2	-0.1	0.4	0.2	-0.4	0.8	-0.7	-0.1	-0.7	0.4	0.3	-0.9	-0.5	-0.3	-0.1	0.2	1.0	-0.5	0.0	-0.8	-0.1	0.5	0.3	0.7	-0.9	0.5	0.5	-0.1	
0.6	-0.8	-0.8	-0.9	-0.9	-0.5	0.0	1.0	-0.3	0.1	0.8	0.8	-0.8	-0.6	0.0	-0.2	0.5	0.3	-0.8	0.4	0.9	-0.8	-0.9	-0.8	-0.5	-0.9	1.0	-0.9	-0.1	0.2	-0.4	0.9	-0.1	-0.7	0.8	0.2	0.7	1.0	0.5	0.5	0.7	1.0	0.2	0.9	0.1	-0.4	0.2	0.0	-0.4	-1.0	-0.9	0.9	-0.6	0.1	0.2	0.3	-0.5	-0.4	-0.7	-0.3	0.6	-0.9	-0.3	0.0	0.4	0.4	0.3	-0.5	0.1	-0.2	0.8	0.4	-0.8	-0.8	-0.3	-1.0	-0.7	-0.2	-0.7	0.0	
-0.9	-0.6	-0.3	0.3	-0.9	-0.4	-0.3	0.8	0.1	0.8	-0.4	-0.4	-0.1	0.5	-0.1	-0.6	-0.9	-0.9	-0.3	0.6	-0.9	0.7	0.0	0.8	0.6	0.2	0.7	0.1	-0.8	-0.6	-0.9	-0.6	-0.6	0.0	0.0	0.4	0.1	0.7	-0.6	-0.2	0.6	0.3	1.0	1.0	-0.4	-0.6	-0.2	-0.1	0.5	-0.8	0.3	-1.0	0.4	0.0	0.7	-0.6	0.0	0.1	-1.0	-0.6	1.0	0.9	-0.7	0.2	0.7	1.0	-0.3	0.4	0.8	-0.4	-0.2	0.9	0.5	0.3	0.9	0.0	0.1	-0.3	-0.5	0.0	
0.1	0.3	-0.6	-0.8	-1.0	-0.1	-0.6	0.0	0.1	-0.3	-0.8	-0.1	0.0	0.2	-0.7	0.1	-0.9	1.0	-0.6	-0.4	1.0	-0.7	0.6	0.3	0.9	0.6	0.1	0.7	-0.1	-0.8	-1.0	-1.0	0.4	-0.8	0.0	-0.2	0.1	-0.6	-0.2	0.1	-0.2	0.8	-0.4	1.0	-1.0	-0.7	0.6	0.3	-0.4	0.6	-0.7	0.5	-0.6	-0.7	0.5	0.2	0.1	-0.3	-0.6	-0.4	0.6	-0.8	0.0	0.8	0.2	-0.4	-0.6	-0.1	0.6	0.4	0.2	-0.6	0.0	-0.8	-0.3	-1.0	-0.1	-0.5	0.6	0.8	
0.1	-0.4	0.0	0.4	0.1	0.0	0.6	-0.7	0.4	0.3	0.4	1.0	0.1	-0.9	-0.2	-0.5	-1.0	-1.0	1.0	-0.9	0.4	0.0	1.0	-0.9	-0.8	1.0	0.5	1.0	0.9	0.9	0.4	0.5	0.5	-0.8	-0.5	1.0	0.7	-1.0	0.3	0.6	-0.8	-1.0	-0.9	-0.1	0.3	0.2	-0.6	1.0	-0.7	0.2	-0.4	-0.2	-0.9	0.4	0.5	-0.9	0.5	0.3	-0.4	-0.8	-0.2	0.5	-0.1	0.0	-0.4	0.4	-0.8	-0.6	0.6	-0.6	0.3	0.4	0.7	0.7	-1.0	-0.6	-0.2	-0.3	0.7	0.6	
0.5	-1.0	0.0	0.1	-0.7	0.1	0.7	0.1	0.4	-0.5	0.2	0.2	-0.4	0.1	-0.6	1.0	0.1	-0.2	-0.6	0.9	-0.7	0.8	0.4	0.4	-0.1	-0.8	-0.5	-0.7	-0.4	-0.2	-0.6	-0.2	0.5	-0.8	-1.0	-0.7	-0.3	-0.4	0.9	0.6	1.0	1.0	-0.1	0.4	0.8	0.0	0.9	0.4	0.7	0.8	0.8	-0.3	-0.8	-0.6	0.0	0.5	-0.6	-0.4	-0.6	-0.8	0.2	0.7	-0.7	0.3	0.9	0.1	0.7	-0.1	-0.9	-1.0	0.6	-0.2	0.9	-0.9	-0.3	-0.9	1.0	0.4	0.2	1.0	

0.7400000000000005	-1.6000000000000005	0.22999999999999984	-2.9499999999999997	1.580000000000001	-2.28	0.13000000000000034	1.7699999999999991	2.4400000000000004	2.4300000000000006	-0.6699999999999994	3.1499999999999995	-2.0900000000000025	3.2399999999999993	2.4500000000000006	1.7500000000000004	-0.5600000000000002	-8.61	3.46	-6.25	5.169999999999998	7.039999999999998	-7.680000000000001	1.1799999999999997	-9.260000000000003	0.6499999999999992	0.17000000000000143	-4.530000000000001	-1.4499999999999988	-0.5199999999999999	0.19999999999999996	3.2800000000000034	-3.6199999999999997	3.189999999999999	4.6899999999999995	-1.8800000000000003	3.48	1.8199999999999998	-6.580000000000002	4.75	3.2299999999999995	-7.370000000000003	-0.5099999999999985	1.58	1.030000000000002	3.479999999999999	3.170000000000001	-0.799999999999999	1.4499999999999995	4.12	-5.730000000000001	8.74	-6.329999999999999	-0.49	0.8099999999999997	-0.43000000000000027	-5.38	4.269999999999999	-1.809999999999999	6.3999999999999995	-3.600000000000001	6.299999999999997	-0.8100000000000005	-2.7900000000000005	1.1199999999999999	-1.1	6.020000000000001	0.6900000000000008	0.8199999999999998	4.040000000000001	-0.1999999999999994	1.5400000000000007	2.3400000000000003	0.8299999999999998	4.080000000000001	-6.300000000000001	0.63	-7.03	1.0099999999999998	-7.249999999999998	

0.7	0.9	0.1	0.6	0.6	0.3	-1.0	1.0	1.0	-0.8	0.1	-0.3	0.2	0.7	-0.8	-1.0	0.3	-0.5	1.0	0.5	-0.4	-0.4	0.6	-0.7	0.6	0.3	-1.0	-0.7	-0.2	-0.9	0.9	0.9	-0.5	-0.4	-0.9	0.7	0.3	-0.1	0.7	0.7	-1.0	0.1	0.9	-0.6	0.6	1.0	-1.0	-0.7	0.1	0.4	-0.8	0.2	0.4	-0.6	-0.2	-0.6	0.4	1.0	-0.4	0.8	0.2	1.0	0.3	0.8	-0.7	0.9	-0.5	0.2	0.5	-0.2	-1.0	-0.2	-0.2	0.8	0.9	0.3	-0.9	0.9	-0.7	-1.0	

